Number of labels: 2
Number of documents in training set: 241
User Record: 1001	63.0 1.0 1.0 145.0 233.0 1.0 2.0 150.0 0.0 2.3 3.0 0.0 6.0 
  no: -187.80896515036653  yes: -171.9980550346782 => yes
User Record: 1002	67.0 1.0 4.0 160.0 286.0 0.0 2.0 108.0 1.0 1.5 2.0 3.0 3.0 
  no: -161.081332583634  yes: -156.87918764701908 => yes
User Record: 1003	67.0 1.0 4.0 120.0 229.0 0.0 2.0 129.0 1.0 2.6 2.0 2.0 7.0 
  no: -167.42091836701462  yes: -144.34053130502005 => yes
User Record: 1004	37.0 1.0 3.0 130.0 250.0 0.0 0.0 187.0 0.0 3.5 3.0 0.0 3.0 
  no: -99.13956718349554  yes: -119.55823383139011 => no
User Record: 1005	41.0 0.0 2.0 130.0 204.0 0.0 2.0 172.0 0.0 1.4 1.0 0.0 3.0 
  no: -129.37063006273814  yes: -165.3080868017907 => no
User Record: 1006	56.0 1.0 2.0 120.0 236.0 0.0 0.0 178.0 0.0 0.8 1.0 0.0 3.0 
  no: -135.21663039622587  yes: -150.6837007899046 => no
User Record: 1007	62.0 0.0 4.0 140.0 268.0 0.0 2.0 160.0 0.0 3.6 3.0 2.0 3.0 
  no: -151.12645000806154  yes: -140.45533171084537 => yes
User Record: 1008	57.0 0.0 4.0 120.0 354.0 0.0 0.0 163.0 1.0 0.6 1.0 0.0 3.0 
  no: -101.0552111007129  yes: -107.76892877505894 => no
User Record: 1009	63.0 1.0 4.0 130.0 254.0 0.0 2.0 147.0 0.0 1.4 2.0 1.0 7.0 
  no: -170.66955020557052  yes: -147.32917121247974 => yes
User Record: 1010	53.0 1.0 4.0 140.0 203.0 1.0 2.0 155.0 1.0 3.1 3.0 0.0 7.0 
  no: -126.82902533226938  yes: -127.47891585866428 => no
User Record: 1011	57.0 1.0 4.0 140.0 192.0 0.0 0.0 148.0 0.0 0.4 2.0 0.0 6.0 
  no: -158.97947500086326  yes: -170.33173554624517 => no
